A = 10815057
B = 11010100110000100100100100100011110010110100001
C = 0010010010010001
D = 1010010010010001
CxD
Step			Product			Next
   0	0000000000000000 1010010010010001 0	10 -> sub
   1   +1101101101101111
	1101101101101111 1010010010010001 0
	1110110110110111 1101001001001000 1	01 -> add
   2   +0010010010010001
	0001001001001000 1101001001001000 1
	0000100100100100 0110100100100100 0	00 -> shift
   3	0000010010010010 0011010010010010 0	00 -> shift
   4	0000001001001001 0001101001001001 0	10 -> sub
   5   +1101101101101111
	1101110110111000 0001101001001001 0
	1110111011011100 0000110100100100 1	01 -> add
   6   +0010010010010001 
	0001001101101101 0000110100100100 1
	0000100110110110 1000011010010010 0	00 -> shift
   7	0000010011011011 0100001101001001 0	10 -> sub
   8   +1101101101101111
	1110000001001010 0100001101001001 0
	1111000000100101 0010000110100100 1	01 -> add
   9   +0010010010010001
	0001010010110110 0010000110100100 1
	0000101001011011 0001000011010010 0	00 -> shift
  10	0000010100101101 1000100001101001 0	10 -> sub
  11   +1101101101101111
	1110000010011100 1000100001101001 0
	1111000001001110 0100010000110100 1	01 -> add
  12   +0010010010010001
	0001010011011111 0100010000110100 1
	0000101001101111 1010001000011010 0	00 -> shift
  13	0000010100110111 1101000100001101 0	10 -> sub
  14   +1101101101101111
	1110000010100110 1101000100001101 0
	1111000001010011 0110100010000110 1	01 -> add
  15   +0010010010010001
	0001010011100100 0110100010000110 1
	0000101001110010 0011010001000011 0	10 -> sub
  16   +1101101101101111
	1110010111100001 0011010001000011 0
	1111001011110000 1001101000100001 1	done
CxD =	1111001011110000 1001101000100001